
                                     Appendix 2 
DES Data



Key schedule round 1
	
10 51 34 60 49 17 33 57  2  9 19 42  3 35 26 25 44 58 59  1 36 27 18 41 
	
22 28 39 54 37  4 47 30  5 53 23 29 61 21 38 63 15 20 45 14 13 62 55 31 



Key schedule round 2
	 2 43 26 52 41  9 25 49 59  1 11 34 60 27 18 17 36 50 51 58 57 19 10 33 
	
14 20 31 46 29 63 39 22 28 45 15 21 53 13 30 55  7 12 37  6  5 54 47 23 



Key schedule round 3
	51 27 10 36 25 58  9 33 43 50 60 18 44 11  2  1 49 34 35 42 41  3 59 17 
	
61  4 15 30 13 47 23  6 12 29 62  5 37 28 14 39 54 63 21 53 20 38 31  7 




Key schedule round 4
	35 11 59 49  9 42 58 17 27 34 44  2 57 60 51 50 33 18 19 26 25 52 43  1 
	
45 55 62 14 28 31  7 53 63 13 46 20 21 12 61 23 38 47  5 37  4 22 15 54 



Key schedule round 5
	19 60 43 33 58 26 42  1 11 18 57 51 41 44 35 34 17  2  3 10  9 36 27 50 
	
29 39 46 61 12 15 54 37 47 28 30  4  5 63 45  7 22 31 20 21 55  6 62 38 




Key schedule round 6
	 3 44 27 17 42 10 26 50 60  2 41 35 25 57 19 18  1 51 52 59 58 49 11 34 
	
13 23 30 45 63 62 38 21 31 12 14 55 20 47 29 54  6 15  4  5 39 53 46 22 

Key schedule round 7
	52 57 11  1 26 59 10 34 44 51 25 19  9 41  3  2 50 35 36 43 42 33 60 18 
	
28  7 14 29 47 46 22  5 15 63 61 39  4 31 13 38 53 62 55 20 23 37 30  6 



Key schedule round 8
	36 41 60 50 10 43 59 18 57 35  9  3 58 25 52 51 34 19 49 27 26 17 44  2 
	
12 54 61 13 31 30  6 20 62 47 45 23 55 15 28 22 37 46 39  4  7 21 14 53 



Key schedule round 9
	57 33 52 42  2 35 51 10 49 27  1 60 50 17 44 43 26 11 41 19 18  9 36 59 
	 
4 46 53  5 23 22 61 12 54 39 37 15 47  7 20 14 29 38 31 63 62 13  6 45 



Key schedule round 10
	41 17 36 26 51 19 35 59 33 11 50 44 34  1 57 27 10 60 25  3  2 58 49 43 
	
55 30 37 20  7  6 45 63 38 23 21 62 31 54  4 61 13 22 15 47 46 28 53 29 



Key schedule round 11
	25  1 49 10 35  3 19 43 17 60 34 57 18 50 41 11 59 44  9 52 51 42 33 27 
	
39 14 21  4 54 53 29 47 22  7  5 46 15 38 55 45 28  6 62 31 30 12 37 13 



Key schedule round 12
	 9 50 33 59 19 52  3 27  1 44 18 41  2 34 25 60 43 57 58 36 35 26 17 11 
	
23 61  5 55 38 37 13 31  6 54 20 30 62 22 39 29 12 53 46 15 14 63 21 28 



Key schedule round 13
	58 34 17 43  3 36 52 11 50 57  2 25 51 18  9 44 27 41 42 49 19 10  1 60 
	 
7 45 20 39 22 21 28 15 53 38  4 14 46  6 23 13 63 37 30 62 61 47  5 12 



Key schedule round 14
	42 18  1 27 52 49 36 60 34 41 51  9 35  2 58 57 11 25 26 33  3 59 50 44 
	
54 29  4 23  6  5 12 62 37 22 55 61 30 53  7 28 47 21 14 46 45 31 20 63 





Key schedule round 15
	26  2 50 11 36 33 49 44 18 25 35 58 19 51 42 41 60  9 10 17 52 43 34 57 
	
38 13 55  7 53 20 63 46 21  6 39 45 14 37 54 12 31  5 61 30 29 15  4 47 



Key schedule round 16
	18 59 42  3 57 25 41 36 10 17 27 50 11 43 34 33 52  1  2  9 44 35 26 49 
	
30  5 47 62 45 12 55 38 13 61 31 37  6 29 46  4 23 28 53 22 21  7 63 39 



                                        

P

   1    2    3    4    5    6    7    8   9   10   11   12   13   14   15   16 
  
   16    7   20   21   29   12   28   17   1   15   23   26    5   18   31   10 

  
   
   17   18   19   20   21   22   23   24  25   26   27   28   29   30   31   32
 
   2    8   24   14   32   27    3    9  19   13   30    6   22   11    4   25 



                                    

P inverse

   1    2    3    4    5    6    7    8   9   10   11   12   13   14   15   16
         
   9   17   23   31   13   28    2   18  24   16   30    6   26   20   10    1 

  

           17   18   19   20   21   22   23   24  25   26   27   28   29   30   31   32
         
   8   14   25    3    4   29   11   19  32   12   22    7    5   27   15   21

IP

   1    2    3    4    5    6    7    8   9   10   11   12   13   14   15   16
  
  58   50   42   34   26   18   10    2  60   52   44   36   28   20   12    4 

  

  17   18   19   20   21   22   23   24  25   26   27   28   29   30   31   32
  
  62   54   46   38   30   22   14    6  64   56   48   40   32   24   16    8

  

  33   34   35   36   37   38   39   40  41   42   43   44   45   46   47   48
  
  57   49   41   33   25   17    9    1  59   51   43   35   27   19   11    3

  

  49   50   51   52   53   54   55   56  57   58   59   60   61   62   63   64

    61   53   45   37   29   21   13    5  63   55   47   39   31   23   15    7






IP inverse

   1    2    3    4    5    6    7    8   9   10   11   12   13   14   15   16
          
  40    8   48   16   56   24   64   32  39    7   47   15   55   23   63   31

          

  17   18   19   20   21   22   23   24  25   26   27   28   29   30   31   32
          
  38    6   46   14   54   62   11   30  37    5   45   13   53   21   61   29

          

  33   34   35   36   37   38   39   40  41   42   43   44   45   46   47   48
          
  36    4   44   12   52   20   60   28  35    3   43   11   51   19   59   27

          

  49   50   51   52   53   54   55   56  57   58   59   60   61   62   63   64
          
  34    2   42   10   50   18   58   26  33    1   41    9   49   17   57   25


Plaintext: in.1, Ciphertext: out.1
Use input/output constraint
92777 64 bit blocks examined against 14 constraints

Constraint 1
	Input constraint:   9 17 23 31 33
	Output constraint:  41 49 55 63
	Number of 1's: 46588 (0.50), Number of 0's: 46189 (0.50)

Constraint 2
	Input constraint:   2 13 18 28 37 40
	Output constraint:  34 45 50 60
	Number of 1's: 46395 (0.50), Number of 0's: 46382 (0.50)

Constraint 3
	Input constraint:  16 40 41 44 45
	Output constraint:  48
	Number of 1's: 46391 (0.50), Number of 0's: 46386 (0.50)

Constraint 4
	Input constraint:  24 40 42 44 45
	Output constraint:  56
	Number of 1's: 46565 (0.50), Number of 0's: 46212 (0.50)

Constraint 5
	Input constraint:   1 20 47 48 49
	Output constraint:  33 52
	Number of 1's: 46333 (0.50), Number of 0's: 46444 (0.50)

Constraint 6
	Input constraint:  20 26 44 45 46 49
	Output constraint:  52 58
	Number of 1's: 46330 (0.50), Number of 0's: 46447 (0.50)

Constraint 7
	Input constraint:   3  8 14 25 49
	Output constraint:  35 40 46 57
	Number of 1's: 46511 (0.50), Number of 0's: 46266 (0.50)

Constraint 8
	Input constraint:   3  8 14 48 51
	Output constraint:  35 40 46
	Number of 1's: 46511 (0.50), Number of 0's: 46266 (0.50)

Constraint 9
	Input constraint:   4 11 19 52 56
	Output constraint:  36 43 51
	Number of 1's: 46358 (0.50), Number of 0's: 46419 (0.50)

Constraint 10
	Input constraint:   4 11 19 29 52 56
	Output constraint:  36 43 51 61
	Number of 1's: 46627 (0.50), Number of 0's: 46150 (0.50)

Constraint 11
	Input constraint:  12 56 57 58 60 61
	Output constraint:  44
	Number of 1's: 46192 (0.50), Number of 0's: 46585 (0.50)

Constraint 12
	Input constraint:   7 56 57 58 59 60 61
	Output constraint:  44
	Number of 1's: 46201 (0.50), Number of 0's: 46576 (0.50)

Constraint 13
	Input constraint:   7 12 32 56 58
	Output constraint:  39 44 64
	Number of 1's: 46382 (0.50), Number of 0's: 46395 (0.50)

Constraint 14
	Input constraint:   5 15 27 60 64
	Output constraint:  37 47 59
	Number of 1's: 46051 (0.50), Number of 0's: 46726 (0.50)

Done


Plaintext: in.1, Ciphertext: out.1
Use input/output constraint
395610 64 bit blocks examined against 14 constraints

Constraint 1
	Input constraint:   9 17 23 31 33
	Output constraint:  41 49 55 63
	Number of 1's: 198037 (0.500586), Number of 0's: 197573 (0.499414)

Constraint 2
	Input constraint:   2 13 18 28 37 40
	Output constraint:  34 45 50 60
	Number of 1's: 198087 (0.500713), Number of 0's: 197523 (0.499287)

Constraint 3
	Input constraint:  16 40 41 44 45
	Output constraint:  48
	Number of 1's: 197454 (0.499113), Number of 0's: 198156 (0.500887)

Constraint 4
	Input constraint:  24 40 42 44 45
	Output constraint:  56
	Number of 1's: 198252 (0.501130), Number of 0's: 197358 (0.498870)

Constraint 5
	Input constraint:   1 20 47 48 49
	Output constraint:  33 52
	Number of 1's: 197782 (0.499942), Number of 0's: 197828 (0.500058)

Constraint 6
	Input constraint:  20 26 44 45 46 49
	Output constraint:  52 58
	Number of 1's: 197572 (0.499411), Number of 0's: 198038 (0.500589)

Constraint 7
	Input constraint:   3  8 14 25 49
	Output constraint:  35 40 46 57
	Number of 1's: 198050 (0.500619), Number of 0's: 197560 (0.499381)

Constraint 8
	Input constraint:   3  8 14 48 51
	Output constraint:  35 40 46
	Number of 1's: 197960 (0.500392), Number of 0's: 197650 (0.499608)

Constraint 9
	Input constraint:   4 11 19 52 56
	Output constraint:  36 43 51
	Number of 1's: 197918 (0.500286), Number of 0's: 197692 (0.499714)

Constraint 10
	Input constraint:   4 11 19 29 52 56
	Output constraint:  36 43 51 61
	Number of 1's: 198136 (0.500837), Number of 0's: 197474 (0.499163)

Constraint 11
	Input constraint:  12 56 57 58 60 61
	Output constraint:  44
	Number of 1's: 197718 (0.499780), Number of 0's: 197892 (0.500220)

Constraint 12
	Input constraint:   7 56 57 58 59 60 61
	Output constraint:  44
	Number of 1's: 197404 (0.498986), Number of 0's: 198206 (0.501014)

Constraint 13
	Input constraint:   7 12 32 56 58
	Output constraint:  39 44 64
	Number of 1's: 197690 (0.499709), Number of 0's: 197920 (0.500291)

Constraint 14
	Input constraint:   5 15 27 60 64
	Output constraint:  37 47 59
	Number of 1's: 197178 (0.498415), Number of 0's: 198432 (0.501585)

Done
Plaintext: in.1, Ciphertext: out.1
Use output/output constraint
395610 64 bit blocks examined against 14 constraints

Constraint 1
	Input constraint:  41 49 55 63
	Output constraint:  41 49 55 63
	Number of 1's: 198133 (0.500829), Number of 0's: 197477 (0.499171)

Constraint 2
	Input constraint:  34 45 50 60
	Output constraint:  34 45 50 60
	Number of 1's: 197343 (0.498832), Number of 0's: 198267 (0.501168)

Constraint 3
	Input constraint:  48
	Output constraint:  48
	Number of 1's: 197454 (0.499113), Number of 0's: 198156 (0.500887)

Constraint 4
	Input constraint:  56
	Output constraint:  56
	Number of 1's: 197932 (0.500321), Number of 0's: 197678 (0.499679)

Constraint 5
	Input constraint:  33 52
	Output constraint:  33 52
	Number of 1's: 197856 (0.500129), Number of 0's: 197754 (0.499871)

Constraint 6
	Input constraint:  52 58
	Output constraint:  52 58
	Number of 1's: 198374 (0.501438), Number of 0's: 197236 (0.498562)

Constraint 7
	Input constraint:  35 40 46 57
	Output constraint:  35 40 46 57
	Number of 1's: 197855 (0.500126), Number of 0's: 197755 (0.499874)

Constraint 8
	Input constraint:  35 40 46
	Output constraint:  35 40 46
	Number of 1's: 198244 (0.501110), Number of 0's: 197366 (0.498890)

Constraint 9
	Input constraint:  36 43 51
	Output constraint:  36 43 51
	Number of 1's: 197986 (0.500458), Number of 0's: 197624 (0.499542)

Constraint 10
	Input constraint:  36 43 51 61
	Output constraint:  36 43 51 61
	Number of 1's: 197995 (0.500480), Number of 0's: 197615 (0.499520)

Constraint 11
	Input constraint:  44
	Output constraint:  44
	Number of 1's: 197580 (0.499431), Number of 0's: 198030 (0.500569)

Constraint 12
	Input constraint:  44
	Output constraint:  44
	Number of 1's: 197580 (0.499431), Number of 0's: 198030 (0.500569)

Constraint 13
	Input constraint:  39 44 64
	Output constraint:  39 44 64
	Number of 1's: 198006 (0.500508), Number of 0's: 197604 (0.499492)

Constraint 14
	Input constraint:  37 47 59
	Output constraint:  37 47 59
	Number of 1's: 197604 (0.499492), Number of 0's: 198006 (0.500508)

Done

                       S Boxes as Polynomials over GF(2)


1,1: 56+4+35+2+26+25+246+245+236+2356+16+15+156+14+146+145+13+135+134+1346+1345+13456+125+1256+1245+123+12356+1234+12346 

1,2: C+6+5+4+45+456+36+35+34+346+26+25+24+246+2456+23+236+235+234+2346+1+15+156+134+13456+12+126+1256+124+1246+1245
      +12456+123+1236+1235+12356+1234+12346 

1,3: C+6+56+46+45+3+35+356+346+3456+2+26+24+246+245+236+16+15+145+13+1356+134+13456+12+126+125+12456+123+1236+1235
      +12356+1234+12346 

1,4: C+6+5+456+3+34+346+345+2+23+234+1+15+14+146+135+134+1346+1345+1256+124+1246+1245+123+12356+1234+12346 

2,1: C+4+456+3+36+35+26+245+2456+235+2356+1+16+156+1456+13+136+135+1356+12+125+1256+1246+1236+12356 

2,2: C+5+4+35+34+346+345+2+256+246+2456+236+1+156+145+13+135+134+1346+1345+12+126+125+124+1246+12456+123+1235+12356+1234 

2,3: C+6+5+4+456+36+3456+2+24+246+23+1+1245+12456+1235+12356 

2,4: C+6+5+45+3+26+24+245+23+236+1+156+145+1456+1356+126+1256+1245+12456+123+1236 

3,1: 6+4+45+35+2+1+16+15+146+145+13+135+12+126+125+1256+123+1236+1235+12346 

3,2: C+6+5+4+46+456+36+35+356+34+346+345+3456+2+25+256+24+245+23+236+234+2346+1+16+14+146
      +145+1456+135+1356+1346+13456+126+125+1256+124+1246+12456+1234+12346 

3,3: 6+46+45+456+3+35+26+25+256+24+246+23+236+235+2356+234+1+1456+13456+12+126+125+1256+124+123+1236+1235+12356+1234 

3,4: C+5+46+45+456+3+35+34+3456+2+24+245+2456+235+2356+234+16+14+146+145+1456+13+1356+134+13456+12+124+1245+12456+123+1234 

4,1: C+56+4+46+45+3+3456+26+25+256+245+2456+23+236+2346+1+16+156+146+1456+13+136+135+13456+12
      +125+124+1245+123+1236+12356+1234 

4,2: C+6+5+56+46+45+3+345+3456+2+26+256+2456+236+234+2346+16+15+156+14+146+145+1456+136
      +135+1345+13456+12+125+124+1245+1236+1235+12356+1234 

4,3: C+56+46+45+456+3+36+35+2+26+256+2456+23+2356+234+2346+1+15+156+146+135+1356+1346+13456+1256+124+1245+12356+1234 

4,4: 6+5+56+4+46+456+36+35+26+25+256+245+2456+23+235+2356+2346+1+156+14+146+1356+134+1346+1345+13456
      +125+1256+124+1245+1235+12356+1234 


                       S Boxes as Polynomials over GF(2)


5,1: 56+45+3+36+35+356+346+345+3456+26+25+256+24+246+2456+235+16+14+145+13+136+1346+1345+13456+12+126+125+1256+124
        +1245+123+1236+1235+12356+1234 

5,2: C+5+56+4+46+45+36+35+34+346+345+3456+2+25+256+246+245+235+2356+234+2346+1+16+156+14+145+13+136
        +135+134+1346+1345+13456+126+125+124+12456+123+12356+1234+12346 

5,3: 6+5+4+3+36+356+346+3456+24+236+2346+1+156+145+1456+1345+126+1246+123+1236+1234+12346 

5,4: 6+5+56+46+45+36+34+346+345+3456+2+24+246+245+236+2356+15+156+146+13+136+1356+1345+1256+124+1246+1245+12456+1236+1234 

6,1: 5+456+3+34+346+345+3456+24+2456+23+234+2346+1+16+145+1456+135+134+1346+1345+13456+126+1246+12456+1236 

6,2: 6+4+456+35+256+245+23+235+16+15+1456+13+136+135+1356+12+1245+12456+123+12356 

6,3: C+6+5+4+3+35+345+2+24+2456+1+145+1456+13+136+1356+1345+1245+123+1236+1235+12356+12346 

6,4: C+5+56+46+45+456+36+356+34+346+345+3456+2+23+2346+16+15+156+146+1456+13+136+135+1356+1246+12456+1236+12356+12346 

7,1: 6+5+45+3+34+345+2+246+2456+23+1+146+1456+1346+13456+1256+1246+1236 

7,2: 5+56+4+45+456+3+36+346+3456+2+245+2456+2346+16+15+156+13+135+1356+1346+13456+124+1245+123+1236+1235+12356+12346 

7,3: C+5+4+3456+2+26+24+2456+23+1+16+14+13+1345+12+1246+12456+1236+1234 

7,4: 6+5+3+345+3456+24+23+236+234+2346+16+15+156+14+1456+136+135+1345+13456+12+124+1245+123+1236+1235+1234+12346 

8,1: C+5+56+4+46+45+3+356+346+3456+2+256+245+236+16+15+1456+13+135+1356+1346+1256+124+1246+1245+123+1235+12356+12346 

8,2: 5+45+3+35+2+26+256+246+2456+236+2346+1+15+156+14+146+145+1456+135+125+12456+1235+12356 

8,3: C+6+5+4+35+2+25+24+245+23+156+14+146+13+135+1356+134+1346+125+124+1245+123+1234+12346 

8,4: C+6+5+46+456+3+34+346+26+25+256+24+246+245+234+2346+1+16+156+145+1456+136+135+134+1346+1246+12456+1236+12356+1234+12346 




			 Appendix 1 - S boxes as polynomials over GF(2)

                         Tabular Form of S Boxes as Polynomials over GF(2)


Columns labels:
C  6  5  4  3  2  1  56  46  45  36  35  34  26  25  24  23  16  15  14  13  12 
456  356  346  345  256  246  245  236  235  234  156  146  145  136  135  134
126  125  124  123  3456  2456  2356  2346  2345  1456  1356  1346  1345  1256
1246  1245  1236  1235  1234  23456  13456  12456  12356  12346  12345  



 1 0001100000100000111001100101000001111110101011110011001010011100
 2 1110101101101100011011011110110010110000000010011101111111111100
 3 1101011010110101110011100100000001100010100110011110000111111100
 4 1110000110001110100000001000100010101100001011100001111010011100
 5 1000100111100000010000110011000011010001111100001011010001010000
 6 1010100000101110100101010100000010010010101011101110110110111000
 7 1110100101000001100011001000000010000000000000000000001100110000
 8 1110001010000000010010101100000010010011000100000101001111000000
 9 0100101000100000100000000000000011100110101000001111000011100100
10 1110110101111111101110101100110011001111001101010111110100001100
11 0100011110100000011111001111100010000001000000011111100011111000
12 1010011110101001100010110011100001001111100110011000101110001000
13 1001111010000001011100111100010011010101111000011010101011011000
14 1111011010000011110100010100110001111111011000111010101001111000
15 1001011111100000110100011001110010110100001101010001101000011000
16 0111110101100000011100111011010010011100000111110011101000111000
17 0001001011110111011111010010000001001010110001111111101011111000
18 1011111001101111101101100011110011011010111011110110100110011100
19 0110100011010101000010000100010010010011000000100100010011001100
20 0111011001001111100011100101000000110100110100100001111101001000
21 0010000110001111000010011000110011000011001011110100010101000000
22 0100100100100000000100101010000001100001111100001000001110010000
23 1110100010100010100010010000000010000011110100100000001011110100
24 1011011101011111100000001000010001110101111100000000010101010100
25 0110001010001010100001011000000010000101000001010001010001000000
26 0011101111000101100000110000010001110000101101010000101011110100
27 1010100000000001110010011000000011001000100000101000010101001000
28 0110000010000011000010001100110001111001011000111000101011101100
29 1011111010010101100100100100000001100001101101000001111010110100
30 0010001010100000110101010100010010111111001000000010000100110000
31 1110100000100000101010101000000000011100101111000010101010001100
32 1110010110001100011111100000110011010011011011000000010101011100


Todo: calculate constraints per round


